981 -246
569 91
568 -996
-248 851
492 567
-538 -556
439 -734
171 30
-779 654
-720 -697
-982 -980
756 -313
-994 -754
255 387
-564 -281
-382 -514
426 -541
-320 5
-64 -430
-347 694
14 -306
577 859
967 558
-675 -735
185 -619
454 291
-783 -256
824 -341
-149 -879
927 -20
60 30
-658 858
228 -298
-449 952
745 -227
605 640
-980 269
589 -616
-373 -152
-466 341
17 -586
567 93
627 -921
173 -5
-794 -323
469 -439
184 21
483 446
-202 913
-666 850
525 -3
478 -388
-10 -683
372 -356
522 314
-253 -788
-200 597
-464 -840
-869 359
-217 -768
-487 -239
891 104
-634 -377
-479 450
10 74
524 -979
671 959
-145 757
344 -628
722 -589
192 -654
273 23
-935 -35
562 -769
334 302
921 491
-286 200
85 276
740 -139
226 630
238 666
608 -309
-873 -649
92 -349
732 193
595 912
191 944
-494 935
909 149
-300 -181
855 61
-735 -95
622 659
-588 -87
-788 -604
586 -220
-47 -86
-655 -788
979 -499
39 681
-705 -704
-554 921
908 -399
993 -277
49 -850
-54 314
-754 -127
678 -789
154 -239
-336 -863
-211 -818
782 921
580 -416
755 -353
-694 554
-776 -359
-711 -450
559 13
-107 -497
30 312
167 512
-604 -169
774 -171
454 -99
-319 992
602 -919
527 880
410 -228
769 -197
-38 -18
12 480
-308 434
-650 481
-893 -260
697 536
223 -446
-280 238
-238 -837
48 -707
-845 560
-611 46
-176 -767
-668 -397
994 269
817 -685
322 652
613 870
68 -486
790 -365
617 -732
-928 754
-504 698
149 -369
887 -809
-260 -524
735 -675
52 899
864 10
-929 -196
919 927
741 -563
-749 -606
-992 -817
403 182
-14 -404
-355 31
-355 -332
-696 -948
-400 471
582 119
160 -96
459 -109
-164 518
-940 108
-31 119
923 916
379 241
371 -974
-386 -477
-272 -129
-396 -566
-418 -591
-811 -392
-124 -916
-278 866
-704 433
31 -333
-440 24
613 359
-85 -664
112 402
-284 916
-814 -338
281 28
210 -355
-931 -502
375 -7
-87 988
748 704
-62 -406
552 547
-945 641
-879 732
-602 806
-480 239
-400 -600
-587 236
62 -353
-636 167
214 -319
249 457
-329 948
-273 776
-349 209
-483 -491
6 77
-117 -474
732 -396
-36 244
656 365
-869 -30
221 -998
-458 478
-102 429
226 95
-383 -907
-235 230
-580 615
-15 873
-171 -454
382 713
-420 652
914 629
418 685
674 504
469 219
-887 600
-156 -885
-594 759
-479 136
116 69
47 -52
983 662
-114 124
376 -116
-565 509
916 -457
126 347
558 499
940 -921
1 671
-197 255
-127 -628
965 -575
503 435
168 292
-607 -689
-747 173
903 -476
853 -634
669 793
-637 -835
818 970
411 653
-371 -139
265 -105
627 641
438 286
92 -620
756 421
693 178
-892 -720
-212 -453
354 184
630 417
793 -326
-229 -768
85 -570
912 402
620 -46
-260 -234
218 423
-479 -809
-93 527
-821 604
68 654
-987 742
130 278
-52 408
-286 -992
127 997
540 919
428 -85
558 286
-998 694
-145 810
-64 -893
-886 569
505 68
830 -274
917 -410
120 417
-153 561
555 -645
-323 995
508 139
732 152
-631 485
-912 -672
807 569
24 -109
920 91
-68 607
958 606
-175 759
-925 141
-830 -242
928 427
29 -494
-894 -569
-622 559
-129 722
-697 -545
-881 93
-818 734
656 -759
262 526
-106 -36
281 839
957 -54
694 -121
105 740
334 53
704 122
35 341
-371 -871
-170 478
662 -260
784 330
-918 788
178 -777
-344 -832
418 362
-150 -856
533 -228
557 -762
854 -557
-260 800
-707 513
95 718
-413 691
-754 -535
-125 728
-420 723
123 -751
-351 914
553 667
549 -976
-378 -756
252 -779
-37 299
67 -777
43 -204
648 -662
714 -344
210 363
477 67
-308 717
180 592
75 -319
372 630
-299 815
-351 390
366 -794
592 -837
360 297
924 -622
-531 -443
937 -43
-578 -631
196 -153
0 -186
195 -932
-673 466
-785 657
-462 -649
893 -588
-519 90
-495 -544
-141 -245
440 406
-621 433
-184 -32
10 -581
-803 626
325 -70
578 -159
258 -692
-714 -893
708 551
201 83
-969 -902
-208 790
-690 622
-434 -850
-106 671
333 -375
158 -590
140 -187
0 469
-205 -531
9 -492
-453 -505
-897 -799
-58 -792
-354 726
589 -604
-410 -534
108 -780
525 -774
652 -646
875 455
-704 132
-168 261
288 -999
-457 -588
970 -633
-873 -44
330 -557
-270 972
230 -608
-948 442
-128 481
-698 -704
-651 -311
-534 60
545 -40
791 913
-172 348
-948 -567
-183 590
874 610
658 -946
483 -993
-813 -313
-481 -682
-710 -228
-886 -490
13 334
-735 -890
839 592
200 -598
-815 48
-405 927
972 202
-47 989
-495 -553
-630 -682
-76 -470
-809 552
504 604
474 -298
-66 722
-253 -979
-759 837
34 -823
-64 504
-860 -924
357 899
-677 762
-79 607
-729 -28
-546 338
341 -986
-771 311
62 784
901 -650
-660 670
794 -949
542 314
-409 330
825 28
727 -322
-522 160
646 421
95 -605
831 811
65 604
423 638
94 102
926 381
34 458
-470 124
825 496
-669 219
550 188
126 -672
319 873
584 862
862 -340
6 410
-733 -516
832 511
171 402
-537 677
920 -507
-855 477
-918 590
856 262
-333 -76
767 755
113 -745
-168 998
848 569
182 -90
964 906
-425 520
-907 -565
826 -488
707 -898
-350 208
-746 74
-186 -152
-39 971
-739 -96
-200 332
330 250
-337 -845
222 3
74 -228
-476 -490
659 -656
416 726
425 -834
-765 -420
-868 260
299 915
-833 221
153 -55
215 734
385 -904
-566 -531
285 876
-701 -516
160 673
-172 -416
-534 34
870 -934
952 245
-983 926
706 -865
-15 -644
-354 490
851 -647
489 307
624 -903
245 -614
-778 -57
52 -745
752 413
-959 -241
244 129
-880 -874
235 370
103 923
963 -667
795 -234
817 -124
461 -592
-263 44
766 740
-760 -102
235 -942
44 717
397 189
557 898
723 -631
591 382
-591 897
-10 24
-533 -813
-797 199
-770 -152
427 -959
686 309
-615 -475
256 323
896 -430
-893 -397
-823 579
517 -413
75 532
-507 750
642 -846
290 346
769 900
-624 -576
779 704
-374 -282
20 398
-111 15
-669 567
-979 183
441 764
753 725
-595 -462
-813 -190
-750 243
394 -244
-569 848
656 76
-969 -265
-861 -50
836 319
184 212
89 -390
141 -641
249 795
-97 -713
306 -452
-954 -665
-404 197
-633 646
573 -898
-780 918
957 -762
-303 -918
421 533
-471 -668
-906 943
900 -702
-485 -407
-650 949
-814 -162
-456 429
-780 -605
-659 -816
-621 -105
-787 35
909 -324
343 -176
-366 485
-990 987
14 265
637 944
868 343
-336 413
521 -757
608 808
282 -5
-755 236
-362 672
912 810
598 480
470 174
-931 394
-85 -312
-567 513
415 -202
16 138
51 689
268 -646
179 152
-994 -252
-830 172
854 -967
-740 -638
38 -161
963 284
-834 -325
724 564
627 -761
-48 999
-311 469
385 -350
413 654
-432 -809
449 729
-366 -964
959 899
-351 285
-217 632
303 -30
-705 848
72 -993
623 829
-188 942
325 739
-460 389
-143 -130
914 -900
144 -736
782 218
-867 -797
-276 -707
-611 -583
186 -659
-169 21
-833 -115
-393 184
611 -19
-542 999
-40 499
-725 836
878 -784
-611 -35
-379 -271
458 -772
577 -525
648 788
960 -57
778 201
-898 -69
-600 -749
504 335
184 -556
522 -553
-713 -241
290 -908
-175 1000
-199 48
96 81
-866 257
-263 -567
902 -972
-833 -345
-360 436
546 -448
-333 -743
915 -160
878 484
317 -85
197 109
-842 -138
146 -727
598 -770
977 -992
973 -313
429 -249
419 671
699 -156
-759 -94
899 562
383 325
-95 501
383 -301
-979 -327
-300 359
-216 21
-573 323
-977 -231
489 180
619 -391
-561 329
550 -169
-762 290
-766 767
-486 -55
497 -355
-1000 -510
-255 829
508 -789
-246 -913
-137 -657
-873 -149
-934 -231
-139 -726
441 744
771 215
59 861
-583 809
863 -257
820 565
37 105
-28 626
-197 -953
-701 -530
-11 -66
100 986
464 688
21 662
-635 -531
618 120
-88 -671
-787 575
782 -66
466 -811
-481 898
-563 762
-359 -466
-339 -29
533 142
-297 60
638 -523
-781 554
213 -636
42 -635
164 -587
-721 -560
-626 332
363 -724
451 -333
-683 885
847 782
-361 -564
474 -110
-151 543
962 513
458 -596
468 321
-484 -777
-200 -947
401 710
-723 464
-811 209
-224 -395
481 817
-113 871
478 140
-964 652
550 -283
-808 863
739 742
-105 -601
-116 287
-914 -751
292 -215
947 836
-871 -796
597 -264
603 -907
-710 9
-768 40
470 321
720 474
-932 -401
-145 345
-671 104
462 789
462 -567
-163 603
-336 -620
731 -616
-676 -290
-842 -478
797 -564
740 -808
956 108
-559 -999
-372 609
-898 -609
-64 -554
767 24
342 536
314 183
939 611
-21 -304
-489 -828
408 -555
-304 -399
-641 -386
86 -541
332 989
-392 421
115 -235
-66 531
-849 482
-251 898
601 -250
-573 -673
364 -825
-195 -141
-506 -75
786 207
-534 330
584 777
-344 918
830 557
892 64
67 645
-194 -893
-846 766
222 349
-93 -864
-717 -640
-355 -92
-877 -529
-713 670
509 -174
-36 -813
738 762
154 542
430 3
542 -464
529 558
-6 -866
-441 882
192 -147
-349 182
169 -572
72 717
-454 547
403 109
-744 836
209 -534
78 539
-674 457
-60 830
-485 629
-405 -389
-365 893
883 902
-687 251
-59 88
-355 -315
410 -854
66 332
-727 705
-412 370
749 -723
156 -868
-255 -747
514 924
863 -469
519 -163
-400 -413
-385 869
430 -443
492 143
-111 947
708 911
724 253
92 525
171 -864
715 31
-67 980
-91 -601
-568 -946
-922 -852
-669 884
841 -175
-516 666
-196 199
593 -394
103 -807
-516 104
915 -422
-510 -978
163 -887
860 -293
-396 -155
-42 306
-478 -833
434 -366
-95 -189
464 864
-777 367
-301 353
-536 -575
815 -233
778 166
-730 206
-388 710
801 -107
695 693
-269 -132
-523 -69
-708 -420
708 -243
272 754
955 -588
-825 -69
-35 -447
-187 -594
338 459
403 -356
-879 511
-747 -536
191 54
-407 797
121 918
-585 330
-14 310
291 386
3 850
-183 804
-767 -843
-354 104
-187 890
180 -299
21 -659
-402 837
-613 484
942 861
-73 -856
918 275
303 -301
-268 319
741 459
672 -853
